6373
38142
32445
50921
4324
47050
52368
43644
25602
17741
275
62633
63901
26842
11210
14019
7171
41594
9562
55615
27860
47471
21159
61699
14084
64826
5311
47021
41262
36667
58835
1795
25828
15378
42367
32531
62368
45872
56069
44580
58732
20836
10688
34676
20792
57406
65199
13416
14503
36044
46129
14655
35305
23561
22226
36063
49005
48956
39415
37246
51193
54840
55572
25442
26440
58758
41137
10891
33004
35604
50579
40388
59977
4421
38555
44970
13820
44717
64273
4816
101
37984
2590
26614
17295
62902
50275
10678
7545
1936
30035
54128
53288
43454
62045
1749
64527
41120
31045
11045
42181
5779
37010
58621
17008
29010
46080
62400
22963
18139
9881
15489
1209
37926
21419
47089
52291
63042
17097
25552
50155
109
51267
28291
17122
22463
65156
26468
53042
47961
56513
1559
65165
52940
18323
61749
39388
24581
4010
3778
14748
680
64804
14857
44473
33948
14938
32793
48467
49892
23141
10572
24291
22296
30108
10350
18642
3294
48099
64077
19232
59467
45382
26675
64806
8689
34833
63485
64609
28
41975
31442
58303
1651
59045
8864
47883
567
36654
46203
28027
61902
64949
56581
47641
24216
54108
51872
31225
12363
40644
4394
19513
17831
30363
29483
4106
46938
43288
38513
48747
56273
36919
25772
29009
13678
59924
1484
51686
62686
566
2051
40058
46786
61309
37490
19484
29543
2423
64066
41617
4241
4808
61458
6468
50468
62520
54231
28006
9367
65517
51611
19128
39177
48631
34855
46598
46832
7512
52733
24579
55383
26387
5952
62385
162
34288
57989
59013
8225
40353
14650
64737
24933
47444
40122
8431
29941
46156
8561
60725
37760
49597
49106
21773
44680
62276
30137
42093
36036
21039
7221
64416
9658
1672
7210
56252
51201
19165
55701
2870
33597
44056
36908
24599
2686
9465
59031
64579
10676
52175
1499
31064
55626
579
800
61941
39457
53757
49397
59211
47744
32791
40102
43123
24036
32000
43742
9992
3770
63702
32311
26257
30135
19819
24957
58406
51042
37344
10243
13861
2396
28545
44769
37554
32407
20339
31905
4987
6120
17431
38928
12278
32208
27452
21592
39337
13544
42520
63334
4466
4220
21852
28966
61110
62153
43337
58707
31387
6204
6959
16475
22470
30517
54783
2167
27456
14473
27172
53479
60126
55910
54507
17507
47532
6096
2142
26565
18653
24193
5419
9332
5345
9310
26631
9763
10167
16534
13895
52890
64637
938
60796
18209
47656
57546
59077
16386
5430
21202
39867
38234
44884
17352
30589
5102
33264
42839
7614
55939
39441
31621
39643
6955
4826
53107
36530
13783
3287
23010
42668
39171
11552
10643
63022
30755
40081
60376
13885
4243
18196
35529
10451
56989
18877
40982
14794
11220
46560
37966
41222
51167
33965
43093
22425
27612
21280
34906
61093
18614
7875
6340
570
9
12805
42741
36844
55448
5
34113
52932
22571
13511
56186
24810
42988
25952
24670
25869
50151
54420
3070
21044
38017
49523
11346
56117
47052
55118
43985
49852
6878
5835
41553
27898
7920
65457
19130
44037
5443
51140
20735
18106
30209
64956
47800
51976
37761
26018
55020
35597
19230
1653
3687
4995
39184
64894
51787
53599
9201
33644
8774
1685
6397
48922
37717
6915
47560
15239
39817
63708
6550
40642
64277
41863
61886
12286
18225
61291
33782
49350
62585
99
62756
10647
35979
32343
50644
4665
12787
47930
21690
39822
13929
65209
5681
28662
28165
61764
12147
4771
11929
34127
57301
8735
59779
35240
60357
57422
59261
15918
36517
16290
34399
17354
12494
4885
6089
13605
48979
49754
4688
13792
29387
5739
7360
7618
39658
45555
51371
21332
38045
34228
53120
24868
64053
53413
53042
14776
54894
55106
55858
37624
50957
41560
30152
53859
34726
34151
41509
29277
62458
31706
19761
19950
47301
17656
44085
50828
19659
34099
48478
40498
30667
43476
63753
47729
21760
16191
40944
55929
63567
21334
14071
54689
25390
10774
34787
59650
26216
23490
53154
21590
10937
40692
52122
24591
2561
20227
51117
27480
61326
52635
6833
53273
52818
24165
7938
63496
45496
4722
25942
36832
14202
57358
57489
14305
47348
34762
7956
45688
20100
27243
22673
26166
2730
51737
29499
1668
4698
1229
63640
35324
32486
25618
54630
56642
35424
63465
18706
20701
23349
15579
29894
57117
44479
49677
59388
36852
38033
45023
32039
25307
61604
37911
64738
58844
7088
43760
48351
37807
28391
34208
47743
1287
57694
19639
15136
12724
23032
24543
32391
24694
37580
679
34388
57255
34289
30766
57463
20553
26596
4854
1666
49108
45097
37954
34935
18125
49176
54345
27617
39325
24517
15214
63388
23025
46144
37402
26132
57355
3836
10645
33580
14415
13934
16907
11451
47428
41507
53664
42139
39977
53975
48033
1623
38372
4018
65161
26742
29208
42815
6429
59035
65168
33489
43882
13931
13378
45170
17788
29116
64833
12327
7182
25879
28232
8137
32962
11858
61204
35567
6398
3177
63845
1221
53531
29653
39601
34457
62214
20892
17225
14639
60550
45018
7818
6000
39839
63543
56761
10330
9220
61578
43386
13075
45265
23424
43022
48239
16003
16120
63387
10166
54380
5213
7929
30426
65286
14427
15441
16249
1959
30606
49735
31559
18105
33103
31188
19279
3469
51377
2942
7874
24826
8855
17870
57147
1993
30349
9092
24306
3198
39691
41421
49119
39596
62849
24766
32629
16926
30378
56720
16301
59017
54569
39499
60886
36606
34561
28811
4132
36291
32386
34883
30391
5377
27993
22292
23036
53279
41000
48173
51465
59859
857
50963
50465
32062
44672
14351
16008
39421
21271
65343
30676
8534
1497
19904
58052
2734
15295
35626
64113
22646
11481
15222
48235
53842
37967
38310
23449
42512
28112
60825
28339
25873
39440
51800
59067
34679
32180
26994
25344
8137
48316
54906
15699
47511
12260
42802
52526
20777
26259
53265
43335
54048
17922
3427
1818
56821
12987
43572
3384
26059
17260
21195
62037
683
8369
25623
60862
53912
52285
18247
18720
506
47019
53235
44246
56855
32709
59190
2572
17619
47410
42514
14086
56084
28403
10341
29673
36347
63053
6023
4074
62282
18203
8868
23009
26738
5891
15195
57930
44783
2574
37231
61928
58635
43042
32829
30163
23862
46198
12118
41426
4365
36723
50170
13087
26909
33763
5902
47562
19643
6872
53583
11435
63275
42504
10576
31990
52756
15108
52180
63954
25066
64260
29172
21363
